-0.183 0.893 9.2 
-0.297 1.131 25.7 
-0.182 0.893 32.3 
-0.235 1.139 12.3 
-0.24 0.882 358.8 
-0.248 1.134 1.8 
-0.241 0.882 2.9 
-0.258 1.132 3.8 
-0.242 0.882 4.8 
-0.309 1.126 15.3 
-0.317 1.126 17 
-0.253 1.136 2.4 
-0.252 1.136 2.2 
-0.251 1.138 2 
-0.182 0.891 15.3 
-0.241 1.14 19.8 
-0.304 1.129 27.6 
-0.378 1.109 41.9 
-0.179 0.89 48.3 
-0.456 1.083 55.1 
-0.477 1.072 46.8 
-0.478 1.072 51.1 
-0.238 0.881 51.4 
-0.388 1.099 34.8 
-0.24 0.88 23.7 
-0.31 1.123 15.7 
-0.24 0.879 6.9 
-0.3 1.13 13.3 
-0.24 0.879 12.2 
-0.299 1.13 13.2 
-0.242 0.88 12.6 
-0.315 1.123 16.7 
-0.242 0.881 18.7 
-0.384 1.113 31.4 
-0.413 1.113 50.6 
-0.408 1.116 45.1 
-0.41 1.116 45.5 
-0.174 0.893 46.6 
-0.343 1.125 36.8 
-0.312 1.127 10.8 
-0.234 0.884 14.2 
-0.317 1.124 19 
-0.175 0.894 32.2 
-0.347 1.121 42.2 
-0.182 0.891 38.1 
-0.346 1.123 34.5 
-0.178 0.893 35.9 
-0.347 1.124 36.5 
-0.18 0.892 35.7 
-0.346 1.125 35.1 
-0.241 0.881 23 
-0.314 1.128 9.6 
-0.241 0.881 12.9 
-0.315 1.128 16.6 
-0.316 1.127 14.6 
-0.246 0.881 15.9 
-0.318 1.126 16.8 
-0.244 0.883 17 
-0.39 1.114 32.5 
-0.185 0.892 48.2 
-0.328 1.124 37.1 
-0.181 0.893 26.2 
