-0.311 1.14 15.5 
-0.242 0.882 0.6 
-0.318 1.127 16.9 
-0.241 0.882 18.5 
-0.316 1.128 17.1 
-0.241 0.881 16.6 
-0.446 1.108 41.9 
-0.241 0.882 51.2 
-0.441 1.111 41.1 
-0.241 0.883 40.7 
-0.441 1.111 41.2 
-0.241 0.882 41.1 
-0.438 1.114 40.2 
-0.358 1.128 25.4 
-0.184 0.89 28.9 
-0.3 1.133 31.1 
-0.184 0.889 19.4 
-0.301 1.133 25.5 
-0.305 1.131 26.4 
-0.124 0.901 38.7 
-0.252 1.138 34.4 
-0.122 0.901 23.2 
-0.312 1.129 39.9 
-0.122 0.901 44.4 
-0.313 1.129 39.9 
-0.086 0.909 45.8 
-0.314 1.128 48.7 
-0.147 0.899 36.2 
-0.253 1.136 17.4 
-0.206 0.89 3.6 
-0.259 1.136 5.2 
-0.146 0.9 25.9 
-0.238 1.141 27.2 
-0.236 1.141 7.8 
-0.183 0.893 11.8 
-0.237 1.142 12.2 
-0.183 0.891 12.1 
-0.225 1.144 9.3 
-0.245 1.139 14.5 
-0.181 0.89 16.5 
-0.231 1.142 11.2 
-0.121 0.9 22.9 
-0.293 1.134 41.4 
-0.121 0.901 41.6 
-0.239 1.14 26.2 
-0.183 0.891 6.5 
-0.228 1.144 3 
-0.184 0.891 8.5 
-0.244 1.14 13.5 
-0.244 0.881 1.7 
-0.245 0.881 0 
-0.309 1.131 14.3 
-0.185 0.891 33.4 
-0.32 1.126 35.6 
-0.125 0.901 42 
