[76.59546, 12.35887]
[76.59526, 12.35887]
[76.59546, 12.358879999999999]
[76.59526, 12.358879999999999]
[76.59546, 12.358889999999999]
[76.59526, 12.358889999999999]
[76.59546, 12.358899999999998]
[76.59526, 12.358899999999998]
[76.59546, 12.358909999999998]
[76.59526, 12.358909999999998]
[76.59546, 12.358919999999998]
[76.59526, 12.358919999999998]
[76.59546, 12.358929999999997]
[76.59526, 12.358929999999997]
[76.59546, 12.358939999999997]
[76.59526, 12.358939999999997]
[76.59546, 12.358949999999997]
[76.59526, 12.358949999999997]
[76.59546, 12.358959999999996]
[76.59526, 12.358959999999996]
[76.59546, 12.358969999999996]
[76.59526, 12.358969999999996]
[76.59546, 12.358979999999995]
[76.59526, 12.358979999999995]
[76.59546, 12.358989999999995]
[76.59526, 12.358989999999995]
[76.59546, 12.358999999999995]
[76.59526, 12.358999999999995]
[76.59546, 12.359009999999994]
[76.59526, 12.359009999999994]
[76.59546, 12.359019999999994]
[76.59526, 12.359019999999994]
[76.59546, 12.359029999999994]
[76.59526, 12.359029999999994]
[76.59546, 12.359039999999993]
[76.59526, 12.359039999999993]
[76.59546, 12.359049999999993]
[76.59526, 12.359049999999993]
[76.59546, 12.359059999999992]
[76.59526, 12.359059999999992]
[76.59546, 12.359069999999992]
[76.59526, 12.359069999999992]
